-0.5562485959658663 -0.8554463033609206 -0.6043445646620903 0.4628272052325571
0.13392623881337926 0.19592586704811973 -0.3386078258673352 -0.21738308391311498
-0.34407343039593324 0.18767657604332533 -0.5935090368567474 -0.06525384042374208
-0.2279702628182593 0.6402844091387725 -0.4125433389883256 0.5354692765637832
0.14067182481792975 0.1030662304025525 -0.5297402993076347 -0.8239834371933006
-0.7212390832859139 -0.35430196267186054 0.6976421812937628 0.19667458978863334
-0.03786242546487668 0.6889253968744795 0.491445580229017 0.07636166748461193
-0.12466848989584654 0.05516250762207711 -0.3195039337919514 0.6870728995501366
0.08788732097684156 -0.030868829193908705 0.42292626845496706 -0.7063223027147473
0.1491756663165761 0.5223038232782857 -0.38659444688093053 0.18644820204117954
0.7802993892271444 0.4106813921118785 0.38456057382041564 0.15797858755174735
0.13662086426493744 -0.4040861556577208 -0.7131878902875135 -0.33453616875744474
0.08996593409394671 -0.7350572260881251 -0.20032855388882825 -0.8570758094825254
0.7044429608452107 0.37359795744263 -0.1414736132359173 -0.7086757260290412
-0.55684375971119 -0.5708539056747195 -0.3808603223538487 0.4804359465760912
0.34110590221578774 -0.21320384191791583 -0.847310202100838 0.431559535699221
-0.20291846319166926 -0.4652650429692862 -0.08395691213506977 0.21709449380224016
0.7695760804438058 -0.006312755097131075 0.3213199748497412 -0.2744660559241219
-0.24683892041560726 -0.2943466731554535 0.7576590077972126 -0.27605505362990057
-0.5132626274940145 -0.27166148048423217 -0.39275090229409226 0.35399657094737497
-0.04683097457188726 -0.5331955945826666 -0.19096860130783347 0.3601980256612453
-0.40884175678336576 0.2394395321827838 0.2078268634456665 -0.4800756853993215
0.2830621786113736 0.538045994091486 0.3616503195677709 -0.15651986208161844
0.07260487718387591 0.7048399299211376 0.1406669897821574 0.1773515704623202
-0.19741840516519757 -0.0012864020754027419 -0.5138890762773576 -0.5874101528553749
-0.10218723904809095 -0.5444700782405196 -0.5489502032690744 -0.7274535151146326
-0.7204376063107378 -0.6936416790731114 0.643053350518894 0.09764547318616387
-1.5023837119754917 -0.6978402781559917 -0.10463583188762758 -0.7344526122570453
-0.24708978306620136 -0.49586795512324333 0.2773589493627048 -0.2354876168313111
-0.5239862676406537 -0.16633686489205232 0.5837025230863567 0.5512237984632232
-0.3375651141156184 0.4179542918654293 -0.06970524641070659 0.513292034836566
-0.419697978034563 -0.49315824963874233 -0.1452373884265998 0.027884241615224563
-0.5728981864929025 -0.2001131082191531 -0.01630296998439707 -0.15082753587821135
-0.5341129829723301 -0.4459988191963244 0.7091300104731015 -0.704158386641852
-0.3553270671559715 0.5666268123797467 -0.29357892098133526 0.3144822034567871
-0.47551396914905864 -0.40469711213584786 -0.6287463959168839 -0.12144337629852964
0.2001570231309834 -0.5254219252398795 -0.05754642937485345 0.561086250768181
-0.350554201967476 -0.8494739994687973 -0.6575703851393432 0.28644428694685015
0.60701007357669 -0.8160009390768016 -0.608852906086888 0.7552117074432183
-0.49724208280800714 -0.18113094298562707 -0.49104966985603027 0.4303325397322278
-0.5030382108865996 0.1727922476540758 0.012914445548924727 -0.3098404996368674
0.4700295699442903 0.2409967103893573 -0.8303820817900933 -0.8112141758971642
0.34397029566437015 -0.21677217621629524 -0.23955627621259434 -0.16720748295329135
1.074108013902333 0.13192124073761013 0.6210635244088825 -0.5326471877955855
0.16160620684601262 0.44256447669960713 0.4004051595320496 -0.9561430417799224
-0.0047101803449043885 0.16201447130792593 -0.4468402511827314 -0.3560191708786915
-0.09686178174398338 -0.3491779770234027 0.4994424080307792 -0.8716263276538373
-0.2614017983378473 0.19324914248528036 -0.8310640479101655 -0.5586590782107057
0.68918699437948 -0.47577700086735275 0.48503875261269563 -0.6712719296881369
0.38437574751339765 -0.5135957554352754 0.2807842212113163 -0.13297368720019104
0.5141851693979215 -0.17874241986604655 0.6477106283299636 0.6540343467354116
0.030601212259504514 0.824120999445985 0.22107527637927046 -0.07343210086718689
-0.18712630682723688 0.3411103349626681 -0.3440398183707773 -0.050975687699446784
-0.1948482511918771 -0.5691875362727884 -0.10503528780038318 0.2364918028564816
-0.3389745326359262 -0.29969436442842845 -0.12382677627005577 0.1493672595797931
-0.36137765778374636 0.48201733471432057 -0.04833606065176548 -0.0762959285837208
0.2438362887461502 -0.10080411078508449 -0.6774690873441105 -0.41922651767387337
-0.6542585518910431 0.27565664945614143 -0.3294849289428781 -0.3396291446412739
-0.0012892660584860943 -0.4666875008556878 0.22946948110957913 0.05030585241587506
0.39032719887893397 -0.9114158098028975 -0.6216525163232186 -0.8389539384492325
-0.531594032785816 0.6676444201047904 -0.34294983945125274 0.5084387562873759
0.14767579875300557 0.18323737850255378 -0.4437114655510127 -0.1553488503355106
-0.36744967935581 -0.4792134367234399 0.5296283838816188 -0.6731023322375943
-0.2093863848967597 -0.2768081360808834 -0.5422111920855411 0.2868399997445371
0.32242532527899065 0.18131877329871612 -0.17579300259393965 -0.44666468762508826
0.4289571117315159 0.5032228558565132 0.09204507478808531 -0.5686719639698965
-0.59836546675943 -0.5286943795035375 0.4371614725962495 -0.9396539076749519
0.05532237657513134 0.3228421656566111 -0.2220217206367714 -0.3635493784976255
0.8713198135821939 -0.19425889892866924 0.9228684339884038 0.11476086865779145
-0.8250889893985738 -0.5517786120000111 -0.1419809697924581 -0.3033049026650564
-0.41530682262736096 0.01970785084201341 0.09827775149248086 0.2773965406781154
-0.5352438743992838 -0.7138299514305533 0.5808353686256625 0.14539209548298385
0.39840374581125115 0.4229994928770322 0.34165197328497315 -0.49286605948663603
-0.060790076223094354 -0.47325807433643047 -0.5870140961951983 0.1413763462416329
-0.8454363058185543 -0.1337981492787254 0.7448335297846875 -0.3232579652173838
-0.5413642069674225 -0.9030723985419703 0.22415713986555785 -0.2722246710566704
0.8519004162047819 0.4476769104903278 0.13049284583496815 -0.6395231403497322
-0.5523724589554974 -0.024927247846898877 -0.31482089883223724 -0.5248325907676193
0.36480948705901267 0.5103577629365449 -0.06420195832190075 0.26941852705086233
0.6378681307131585 -0.7639296468643257 -0.2969348913622433 -0.014827656001025782
0.6268628263564694 0.6311545072782059 -0.5491548712535427 -0.6039423049908124
-0.324698726084725 -1.028207373987701 0.1391760898683124 0.24039163203013078
-0.042874254891676684 0.16182920983346097 0.26642062378474907 0.3323301071420379
0.06612579653888472 0.6866852054628195 -0.05945421049082424 -0.21820769535365625
-0.10624275732255664 -0.38689607921324354 0.3847274873046377 0.6854314964517456
0.6822952785828232 0.45606092490152517 -0.001030968868749436 0.10031522983292462
0.240601388543425 0.0209176181500446 0.5548750116396669 -0.35708514862034285
0.17378500083416554 0.15403759140891768 -0.48484004715862483 0.5216671297274753
-0.6906490405866011 0.7687233348472096 0.27410609760706334 -0.4783814936557388
0.42444576702918346 0.7731440674928063 0.7202168403719924 0.43124571275531665
-0.7924073626439148 -0.69746309035852 0.5429240640117771 -0.8651452156859581
-0.6292248170976632 0.6258631619133519 -0.273349666510533 0.6627980041114513
0.37139721472044446 0.30399264996791653 -0.22949020710264004 -0.5821277082755362
-0.49989093827740433 0.10646719065395696 0.1452424160374826 0.6581548590567367
-0.6826539110794071 0.6477552323863889 -0.2995737701785867 0.023606305339933048
-0.12318855657772697 -0.505792978896113 0.015713850455501815 -0.43749209065876116
-0.7211616132967319 0.018915384454928345 0.7006016383455667 -0.24786757720961228
-0.5273557024060248 -0.32630845780359435 -0.7403116944891756 -0.06511380945899145
0.6523928243418456 0.12673568804001567 -0.3679682370454821 -0.6792120134042915
-0.24902702701011042 0.6112857642684019 -0.6925982029017447 0.2958119024401132
0.04741006008018494 0.3872949967851871 0.7489713292979583 0.011565664195478812
-0.7569716477793978 -0.41620270849028784 0.3913098844528254 0.6839910472485722
-0.4864911947895788 0.1238445669062293 0.4323238872638076 0.41274458420343385
0.8317510057113479 0.6338418744247051 -0.39076811133427386 0.6508622840142986
-0.029777706441531767 0.3505462398050371 0.0551585924184191 0.23359147659772625
-0.25932456928440967 -0.1925426334829736 -0.032300752204257335 0.7652302613976857
0.5829138880035312 -0.5646579484896629 -0.42189861388382927 0.3522743359885143
0.4648059123445084 0.37992145856992837 -0.7942378252458013 -0.04805196009961007
0.3701156208447936 0.16281083899559837 -0.22407444836849744 0.3376532451569006
0.2242147957543833 -0.7362570793027569 -0.7378598945081819 -0.2171655166606377
-0.338653391642307 0.2502163732294619 0.19985413381216416 0.6822173074204227
0.09789650605077728 -0.6661596544521183 0.3729142772049769 0.13147067312262742
0.5444014257986064 -0.553597803517563 -0.35231366909677475 -0.8071214802966002
-0.3516066179524019 -0.24096627478285346 -0.5274430493789243 0.25474796212275935
-0.2134133056846692 0.05250965848158108 0.7197950637016789 0.47901922911207845
0.6008864893088038 0.5308770581125698 -0.8047145466165428 -0.6428800985938583
-0.769867221247956 0.5455151146888226 0.32258398374409586 -0.2358280724606978
-0.11965457943405088 0.3488649383314714 -0.22723010256018164 -0.4263691872046959
0.2540640189715005 -0.10666888898458565 0.20177876367043876 0.4063430026140588
0.3475066268333381 -0.6390930591314455 -0.25016702086045545 -0.22515744954410477
-0.8026800704481833 0.8364488999468082 0.5612472724071792 -0.18766398804386175
-0.3409410660406265 0.09899337576561924 -0.1665524552760498 -0.14694276602463263
-0.7947292260751624 0.37520428898531627 0.08751930630211552 0.40656538057585856
0.2653694163633839 0.08155261773655675 0.00817094057932329 -0.0548806181807358
0.7670143581003004 0.6264173674359166 0.682157969013638 0.2520470653080981
-0.10168597101555572 -0.03962459508419182 0.6036316257780169 -0.4013413032890388
0.6578200619287546 -0.13534502992424058 -0.31726858345656467 -0.1417598364438652
0.4928585901884231 -0.6007584694174312 -0.5864543642542147 -0.22378983133807273
0.2940481070305117 -0.36127837618715763 -0.1513300988960845 0.3810787159934649
0.47978352448611483 -0.003840744906729717 0.5475767451650706 -0.07734748735310908
-0.3059164393937279 0.2377412538166539 0.4996356827674711 0.5491384843150849
-0.6527293430076881 0.700436180097302 0.5683109195140272 -0.5399146989482535
0.6908149965310754 -0.08692342258057018 0.7528339182717488 -0.8895077046657088
-0.17390735771884935 -0.27661088183615373 0.14360394697977177 -0.7236606780193224
-0.6827150688345909 -0.06460947454505218 -0.4626768093860954 -0.6070480881992685
0.737686565374987 -0.6380475321650141 -0.47087053159171327 -0.3565205711892508
0.3197230935054124 -0.3530949513773844 0.5707223969182584 0.04576012226019152
0.18986874670348655 -0.7717127206596032 0.5548956399808609 -0.8023444714312471
-0.8771613038429017 -0.12538362051128565 0.28681216566146644 0.58466512601702
0.30250416794778084 0.007217275093666961 0.6190110739703163 -0.6915556415605085
-0.15332970456988382 -0.14720952792679662 0.05416799780966838 0.13587076272849505
-0.7236239609136804 -0.28725269516304025 0.822917501973297 0.5396111358703611
-0.7782720181867675 -0.875108201899932 -0.12669051729034916 -0.34952459420029164
0.7804372845931589 0.7749225849327008 -0.23611457806828046 0.4816752405763111
-0.019124392570988302 0.19038332548113862 0.009105265027837664 -0.46315772306464675
